ID;3%;6%;10%;15%;20%
0;-6.0439972;-1.9241547;-3.5895328;10.7524626;15.7773367
1;3.2974902;5.6128886;0.8047239;8.6452441;18.0137429
2;2.9151078;-1.3317745;-3.6975397;10.1737065;15.7718065
3;6.0250198;7.756944;-5.3817805;15.0544211;14.1416601
4;4.776344;0.7732832;-3.6983976;10.7874484;15.5267889
5;6.2994197;1.7144747;-2.2316122;5.1382527;17.1128464
6;7.7286607;1.7850025;-2.2092049;10.4155789;17.6087113
7;8.6425176;-1.8798165;-3.406649;15.2946169;16.6696566
8;6.1559761;-2.0121901;-3.0096547;9.5962666;13.2924081
9;5.3464733;0.2841504;-1.8209844;15.5043057;19.1117035
10;0.9919776;3.1278649;1.4624869;15.8044823;20.8293564
11;0.1909698;-0.5608689;4.2472957;13.6972638;23.0657626
12;3.8435252;3.7202452;1.35448;15.2257262;20.8238262
13;7.9344813;-2.7049243;-0.3297608;20.1064407;19.1936798
14;6.5445061;5.8253028;1.3536221;15.8394681;20.5788085
15;5.9512331;6.7664944;2.8204074;10.1902723;22.1648661
16;4.9832553;6.8370222;2.8428148;15.4675985;22.660731
17;7.7286607;3.1722032;1.6453707;20.3466366;20.8238262
18;8.6425176;3.0398296;2.0423649;14.6482863;18.3444277
19;-1.2530406;5.3361701;3.2310352;20.5563254;24.1637231
20;7.7286607;5.8713671;10.6795318;15.8394681;29.4979986
21;6.2412663;10.1524813;7.7867161;20.1294999;27.2560622
22;-1.5022452;3.7273117;6.1024752;26.5386768;25.6259158
23;-0.11227;12.2575389;7.7858581;22.2717041;27.0110446
24;0.4810029;13.1987304;9.2526435;16.6225084;28.1539123
25;1.4489808;13.2692582;9.2750508;21.8998346;29.092967
26;2.8417382;9.6044392;8.0776067;26.7788726;28.5971021
27;5.3282796;9.4720656;8.474601;21.0805224;28.1539123
28;5.1791955;11.7684061;9.6632713;26.9885614;30.5959592
29;5.4402585;9.560101;7.894723;22.2367183;27.2615924
30;2.8417382;5.8713671;10.6795318;21.0805224;29.4979986
31;6.2412663;10.1524813;7.7867161;20.1294999;27.2560622
32;-1.5022452;3.7273117;6.1024752;26.5386768;25.6259158
33;-0.11227;12.2575389;7.7858581;22.2717041;27.0110446
34;0.4810029;13.1987304;9.2526435;16.6225084;28.5971021
35;1.4489808;13.2692582;9.2750508;21.8998346;29.092967
36;2.8417382;9.6044392;8.0776067;26.7788726;20.8238262
37;5.3282796;9.4720656;8.474601;21.0805224;28.1539123
38;5.1791955;11.7684061;9.6632713;26.9885614;30.5959592
39;2.4193062;6.5391487;4.8737707;19.2157661;24.2406402
40;3.220314;2.8504148;7.6585795;17.1085476;26.4770463
41;0.4322414;7.131529;4.7657638;18.63701;24.2351099
42;4.5231975;0.7063595;3.0815229;23.5177245;22.6049635
43;3.1332223;9.2365866;4.7649058;19.2507518;23.9900923
44;2.5399494;10.1777781;6.2316912;13.6015561;25.5761499
45;-1.5719715;10.248306;6.2540985;18.8788823;26.0720147
46;-0.1792141;6.5834869;5.0566544;23.7579203;25.13296
47;2.3073273;6.4511133;5.4536487;18.0595701;21.7557115
48;2.1582432;8.7474538;6.642319;23.9676091;27.5750069
49;4.344746;8.5765674;6.9111893;21.2531847;26.2780588
50;4.4567248;4.8878335;9.6959982;19.1459662;28.514465
51;1.6051772;9.1689476;6.8031824;20.6744286;28.514465
52;-2.4857789;2.7437781;5.1189416;25.5551431;24.6423822
53;-1.0958037;11.2740053;6.8023245;21.2881705;26.0275109
54;-0.5025307;12.2151968;8.2691098;15.6389748;27.6135685
55;0.4654471;12.2857246;8.2915172;20.916301;28.1094334
56;1.8582045;8.6209056;7.0940731;25.795339;27.1703786
57;4.344746;8.488532;7.4910674;25.795339;23.7931301
58;4.1956618;10.7848725;8.6797376;26.0050278;29.6124256
59;5.9575;4.7712;8.3075;6.3262;9.07711
60;5.1495;4.6097;7.2546;7.011;8.5683
61;5.2021;2.1894;4.9672;7.187;5.2016
62;0.30345;2.4585;4.7431;7.2244;5.1655
63;1.2818;4.4807;5.7904;8.7956;8.7185
64;4.449;2.9722;3.8341;6.8393;8.7041
65;3.641;3.6603567;2.7264057;10.7908691;8.7489
66;4.1002;2.8149;6.3512;4.3699;7.1148
67;3.1932;2.6534;5.2983;5.0547;6.6119
68;3.2458;2.3309;3.0109;5.2306;3.2453
69;-1.6529;5.0219;2.7867;5.2681;20.8238262
70;-6.7455;3.8341;3.8341;6.8392;6.7622
71;0.2980045;1.3081895;2.7264057;4.8829;6.7478
72;-6.1180912;4.7186519;1.221613;6.329454;6.7926
73;6.7889;5.6026;9.139;7.1576;9.9025
74;5.981;5.4411;8.086;7.8424;9.3997
75;6.0335;3.0209;5.7986;8.0184;6.0331
76;1.1349;3.29;5.5745;8.0559;5.997
77;2.1132;5.3122;6.6219;9.627;9.55
78;2.0582925;4.5130671;10.7908691;7.6707;9.5356
79;1.8509919;3.6847083;0.2685447;-3.5351243;9.5803
80;4.449;3.2627;6.799;4.8177;7.5626
81;3.641;3.1012;5.7461;5.5025;7.0598
82;3.6936;6.809;3.4587;5.6784;3.6931
83;-1.2051;9.5;3.2346;5.7159;3.657
84;-2.2674;2.9722;4.2819;7.2871;7.21
85;-0.2980154;3.6603567;0.7457545;5.3307;7.1956
86;0.1216729;2.4703622;10.3136593;6.7262;7.2404
87;5.844;4.6581;8.1945;6.2131;8.958
88;5.0365;4.4966;7.141;6.8979;8.4552
89;5.089;2.0764;4.8541;7.0739;5.0886
90;1.904;2.3455;4.63;7.1114;5.0525
91;1.1687;4.3677;5.6774;8.6825;8.6055
92;0.2980045;0.4702163;11.2667277;6.7262;8.5911
93;5.35608;0.4702163;8.914696;5.6784;8.6358
94;6.4358809;6.4472909;10.0369026;9.5230615;10.4299831
95;4.3386683;6.484621;9.3627075;9.5931943;9.6628939
96;4.8828936;4.7186519;6.1553893;9.5457349;9.6628939
97;-1.5332022;6.2120966;5.2695538;8.9985759;8.92711
98;-0.771191;5.8930785;7.9367403;11.5642998;9.6956503
99;1.8509919;4.7186519;10.7908691;8.6102775;9.8496529
100;0.2980045;5.8992294;6.1553893;9.2328677;9.7157748
101;6.1230137;6.1344237;9.7240354;9.2101943;9.6956503
102;4.0258011;6.1717539;9.0498404;9.2803272;9.3500267
103;4.5700264;4.4057848;5.8425222;9.2328677;8.6520049
104;-1.8460694;5.8992294;4.9566867;8.6857087;8.6142428
105;-1.0840582;5.5802114;7.6238731;11.2514327;9.3827831
106;4.3386683;4.7186519;5.2695538;8.2974104;9.5367857
107;0.2980045;5.8992294;10.7908691;9.2328677;9.4029076
108;1.8509919;1.8624019;5.4520136;4.9381724;5.8450941
109;-0.2462207;1.899732;4.7778185;5.0083053;5.0780048
110;2.0582925;0.1337629;1.5705003;4.9608458;4.3799831
111;1.8068169;1.6272076;0.6846648;4.4136868;4.342221
112;3.5449548;1.3081895;3.3518512;6.9794108;5.1107612
113;2.5852213;4.7186519;5.2695538;4.0253885;5.2647638
114;6.5383144;5.8992294;10.7908691;9.2328677;5.1308857
115;6.7440907;-2.718537;2.5190079;5.1190136;-1.3812734
116;-1.3923189;-2.6802433;3.2217589;1.8699996;-0.8960987
117;-2.3520524;-2.8261618;0.8697273;1.3490306;5.6449186
118;1.6010407;0.4702163;2.2686905;4.301322;3.9343718
119;-1.5066544;0.4702163;2.7459004;0.9213422;6.112828
120;12.1034072;4.5130671;2.7264057;3.1188677;-3.3814193
121;11.8519316;3.6847083;1.221613;-0.1301462;-2.8962446
122;-0.651974;3.6603567;10.7908691;-0.6511153;3.6447728
123;-0.2349055;2.4703622;0.2685447;2.3011762;1.934226
124;-3.5068002;3.5026989;0.7457545;-1.0788036;4.1126822
125;11.5080605;4.1233362;10.3136593;3.7142144;-2.7860726
126;11.2565849;3.5872378;1.8169597;0.4652004;-2.3008979
127;-1.1056353;3.7637787;1.4021494;-0.0557686;4.2401194
128;0.6885669;1.8750155;0.8638913;2.8965228;2.5295726
129;-2.9114536;3.3207669;1.3411012;-0.483457;4.7080288
130;2.0582925;5.3264318;1.4021494;13.1639824;14.1577968
131;1.8068169;5.317962;11.2667277;9.9149684;11.9793406
132;3.5449548;5.218807;8.914696;9.3939994;13.6898874
133;2.5852213;7.5747524;10.3136593;12.3462908;11.9793406
134;6.5383144;5.7766268;10.7908691;8.966311;14.1577968
135;6.9955662;0.389158;-3.5351243;8.2267087;1.7264216
136;6.7440907;0.3806883;6.329454;4.9776947;2.2115963
137;-1.3923189;0.2815333;3.9774223;4.4567257;8.7526137
138;-2.3520524;2.6374787;5.3763856;7.4090171;7.0420669
139;1.6010407;0.8393531;5.8535954;4.0290373;9.2205231